SCENARIOS 
 STAGE       PROB     NOISE   1   NOISE   2
-------  ----------  ----------  ----------
      1           1           1           1
      2        0.1   0.9540727   0.6146919
      2        0.1   0.9551117   0.4682472
      2        0.1    1.440507    0.968881
      2        0.1   0.7602066    1.466014
      2        0.1   0.8546676    1.242469
      2        0.1   0.9345131   0.3570269
      2        0.1    1.264433    1.397942
      2        0.1   0.7724855    1.495886
      2        0.1    1.102261   0.6493735
      2        0.1   0.6860503    1.223339
      3        0.1   0.8827193    1.112824
      3        0.1    1.418283   0.8617344
      3        0.1    1.106146    1.340552
      3        0.1   0.6554487   0.4968562
      3        0.1     1.14986   0.4940363
      3        0.1    1.170664   0.7690049
      3        0.1    1.016692   0.9090661
      3        0.1   0.8691766    1.362859
      3        0.1   0.9545764    1.157638
      3        0.1   0.6433922    0.835523
      4        0.1    1.255597   0.5046379
      4        0.1   0.9236673   0.4913362
      4        0.1    1.062226   0.9029621
      4        0.1    1.021096    0.997325
      4        0.1    1.011433   0.6469482
      4        0.1    1.011357    1.314085
      4        0.1   0.9242839    1.650694
      4        0.1     1.12103   0.6725829
      4        0.1   0.9544793   0.4769895
      4        0.1    1.049142   0.5506613
      5        0.1   0.9539682   0.6897343
      5        0.1    1.179296   0.5618169
      5        0.1    0.832553   0.8897008
      5        0.1   0.8984125    0.678927
      5        0.1    1.242492    0.893189
      5        0.1    1.028242   0.7871846
      5        0.1   0.8157709   0.4873306
      5        0.1    1.039425    1.564754
      5        0.1   0.9616884   0.3399979
      5        0.1    1.225576    1.078245
      6        0.1    1.522814    1.895153
      6        0.1   0.9164324   0.4371316
      6        0.1   0.8255765    1.263875
      6        0.1   0.9283606   0.8156892
      6        0.1   0.9991158   0.5694582
      6        0.1   0.7868548   0.4837124
      6        0.1   0.9335695    1.134106
      6        0.1   0.9816949    1.244645
      6        0.1   0.9633842   0.5236597
      6        0.1   0.9306168   0.2992529
      7        0.1   0.9622702   0.4807224
      7        0.1    1.114486   0.9852278
      7        0.1    1.022172    1.415452
      7        0.1    1.193906   0.7602374
      7        0.1    1.046036   0.7611867
      7        0.1    0.929325   0.4390356
      7        0.1    1.113424    1.761546
      7        0.1    1.401914    1.562393
      7        0.1    0.868535    0.694823
      7        0.1   0.9581575    2.330235
      8        0.1     0.89202    1.775275
      8        0.1   0.9883768     1.44424
      8        0.1    1.106983   0.4270762
      8        0.1   0.7833693   0.3364149
      8        0.1   0.8562805   0.4009013
      8        0.1   0.8904706    1.570043
      8        0.1   0.9899291    1.150181
      8        0.1   0.9386514   0.4488539
      8        0.1    1.180331   0.8572874
      8        0.1   0.8841532   0.6664541
      9        0.1   0.8082986   0.4138146
      9        0.1    1.051878   0.7395299
      9        0.1    1.001423    0.808287
      9        0.1    1.176289    2.578942
      9        0.1   0.8310058    1.462827
      9        0.1   0.8801795   0.4502326
      9        0.1   0.9779055    1.359518
      9        0.1    1.018617   0.7505032
      9        0.1   0.8631814   0.6832536
      9        0.1    1.113559    1.003934
     10        0.1     1.09974   0.9707911
     10        0.1    1.187696    1.792607
     10        0.1    0.854848    2.205146
     10        0.1    1.116826     1.25207
     10        0.1    1.243976    1.200153
     10        0.1    1.413934    2.166863
     10        0.1   0.9128096    1.038009
     10        0.1   0.7181491   0.5205016
     10        0.1   0.7094029   0.8230632
     10        0.1   0.9013255    2.182254
     11        0.1    1.143558   0.6105019
     11        0.1    1.155367    1.111909
     11        0.1   0.7752416      1.1434
     11        0.1    1.114325    1.217865
     11        0.1    1.060962   0.4293187
     11        0.1   0.8778652   0.8173586
     11        0.1    1.128786   0.7947963
     11        0.1     1.06688    0.492264
     11        0.1     1.00948   0.9429786
     11        0.1    1.141376   0.5710909
     12        0.1    1.341782   0.6360332
     12        0.1    1.188668   0.8986946
     12        0.1     1.23853   0.8519883
     12        0.1   0.9100675   0.3116002
     12        0.1   0.8317178    1.185837
     12        0.1   0.8556787    1.450724
     12        0.1    0.767998   0.5655996
     12        0.1    1.050972   0.4576126
     12        0.1     1.09494    1.243104
     12        0.1   0.9341015   0.6299674
     13        0.1   0.8654969    0.701856
     13        0.1   0.9185472   0.7999098
     13        0.1    1.116297    1.215248
     13        0.1    1.129357    1.059675
     13        0.1   0.9061753   0.8671271
     13        0.1   0.7866635    1.806812
     13        0.1   0.9972244    1.317777
     13        0.1    1.261187   0.3955389
     13        0.1       1.138   0.9653527
     13        0.1   0.8289704    2.922688
     14        0.1    1.197613    1.172092
     14        0.1    1.191292    1.543298
     14        0.1    0.854923    1.488558
     14        0.1   0.6440025   0.8773807
     14        0.1    1.375907   0.5310508
     14        0.1   0.8099868    1.487571
     14        0.1    1.105457   0.7503314
     14        0.1    1.526085   0.7816159
     14        0.1    1.336137   0.9667598
     14        0.1   0.9510262    1.960081
     15        0.1   0.6391641    1.080705
     15        0.1   0.8459503   0.6131464
     15        0.1   0.7616461   0.7793554
     15        0.1    1.060283   0.7707991
     15        0.1    1.110764    1.050876
     15        0.1   0.9294241   0.8130725
     15        0.1    1.044613    1.032647
     15        0.1   0.8234542   0.6845747
     15        0.1   0.9000943   0.9864968
     15        0.1   0.9513422   0.4757098
     16        0.1   0.8298084   0.7416188
     16        0.1    1.246019   0.8837949
     16        0.1   0.8580161   0.8228858
     16        0.1   0.9727171   0.9606974
     16        0.1   0.8693379   0.9028467
     16        0.1    1.016691   0.8485501
     16        0.1    1.211354   0.6904945
     16        0.1   0.8242989   0.6198768
     16        0.1   0.9195771   0.7658253
     16        0.1   0.9433756     2.00681
     17        0.1   0.9840312    2.738347
     17        0.1    1.090066    1.451553
     17        0.1   0.9821601    0.480665
     17        0.1    1.036434   0.6350665
     17        0.1    1.288172    2.402648
     17        0.1   0.9154701   0.8115931
     17        0.1   0.8429994   0.3528107
     17        0.1    1.148156    1.343645
     17        0.1   0.9000004    1.380896
     17        0.1    1.022932   0.9178948
     18        0.1    1.064565    2.045054
     18        0.1   0.9512731   0.8074194
     18        0.1   0.8989086   0.8616506
     18        0.1   0.8979769   0.4465537
     18        0.1    1.028061    1.287421
     18        0.1   0.9334323    1.362582
     18        0.1    1.079106    1.844564
     18        0.1   0.8268555   0.5757725
     18        0.1    1.128059    1.719705
     18        0.1   0.9606212    2.207518
     19        0.1   0.9517962   0.7137658
     19        0.1    1.105887    1.957915
     19        0.1    0.965183     1.43837
     19        0.1   0.9431699   0.4456406
     19        0.1   0.8979116   0.7065347
     19        0.1    1.069676    1.252973
     19        0.1    1.148125    1.414708
     19        0.1   0.9708687   0.4426055
     19        0.1    0.918222   0.5688452
     19        0.1    1.369476      1.7196
     20        0.1    1.051614    1.306183
     20        0.1     0.94716    1.011239
     20        0.1    1.129441   0.4599348
     20        0.1     1.03356    1.534243
     20        0.1    1.089855    1.744618
     20        0.1    1.011037   0.8412795
     20        0.1   0.8962982   0.9440261
     20        0.1    0.926694    0.416101
     20        0.1    1.095358    1.663478
     20        0.1     1.00049    1.174242
     21        0.1    1.032216    1.763545
     21        0.1    1.066388    1.366037
     21        0.1    1.041154    2.162397
     21        0.1      1.3075    1.359248
     21        0.1   0.7573434   0.8095466
     21        0.1    1.028901    1.393821
     21        0.1   0.9209336   0.7558002
     21        0.1   0.8326897   0.4683517
     21        0.1     0.97988   0.8581941
     21        0.1   0.9040437   0.8384697
     22        0.1   0.7339163    0.976679
     22        0.1   0.8080749   0.6822599
     22        0.1    1.578828    1.197157
     22        0.1     1.21651    1.001118
     22        0.1   0.9161907   0.5624637
     22        0.1    1.120534   0.9284408
     22        0.1   0.7052832   0.7694807
     22        0.1   0.8798294    1.128647
     22        0.1    1.223562    1.050904
     22        0.1   0.8421769   0.7641071
     23        0.1     0.95666   0.7342661
     23        0.1   0.7394602   0.4789875
     23        0.1    1.214752    1.509558
     23        0.1    1.425797    2.967552
     23        0.1    1.021091   0.7529752
     23        0.1    1.011111      1.4488
     23        0.1    1.070521    1.383681
     23        0.1    1.067536    1.043099
     23        0.1   0.7073383   0.6224869
     23        0.1   0.9790157    1.106874
     24        0.1   0.7482495   0.6854445
     24        0.1    1.169248   0.5668092
     24        0.1    1.411487    1.119994
     24        0.1   0.8613784    1.281878
     24        0.1   0.9854629   0.5318197
     24        0.1    1.132792   0.6966374
     24        0.1   0.7116141   0.3970585
     24        0.1   0.8853243    1.241938
     24        0.1    1.189035    1.244006
     24        0.1    1.067993   0.7928805
     25        0.1   0.9453665   0.7276602
     25        0.1    1.216513     1.72264
     25        0.1    1.435143   0.7549563
     25        0.1   0.8420719     1.60279
     25        0.1    1.295346    1.737467
     25        0.1   0.7333743    1.399564
     25        0.1   0.6330669    1.911731
     25        0.1   0.8402923    0.678299
     25        0.1    1.114174   0.5044733
     25        0.1   0.9004513    1.146827
     26        0.1    1.134057   0.9252339
     26        0.1   0.8558911   0.7650965
     26        0.1    1.341707   0.6878405
     26        0.1   0.8681974   0.6208381
     26        0.1    1.088314   0.8052063
     26        0.1    1.050043   0.7391723
     26        0.1    1.085827   0.9288693
     26        0.1    1.238608    1.198873
     26        0.1   0.7704897    1.044382
     26        0.1    1.108254   0.8751655
     27        0.1    1.142419   0.8175295
     27        0.1    1.292737    1.160998
     27        0.1   0.8372482    0.712694
     27        0.1   0.8055224    1.324495
     27        0.1    1.132068    0.979356
     27        0.1   0.9643416   0.7675129
     27        0.1    1.392708    1.132982
     27        0.1    1.198533   0.9002694
     27        0.1    1.214137    1.432956
     27        0.1    1.293046    1.089283
     28        0.1    1.128681   0.3911178
     28        0.1   0.9845307    1.900427
     28        0.1    1.265528    0.629779
     28        0.1    1.133527   0.7287478
     28        0.1    1.221689   0.8837982
     28        0.1    1.241561    1.121937
     28        0.1    1.005985   0.8599037
     28        0.1   0.7214424    1.481093
     28        0.1   0.9449297    0.647171
     28        0.1   0.9305378    0.279519
     29        0.1    1.047014   0.4712852
     29        0.1   0.9028466   0.3460903
     29        0.1   0.7757167   0.8319619
     29        0.1    1.169266   0.7984988
     29        0.1   0.7693986    0.501062
     29        0.1    1.151375    1.695987
     29        0.1   0.9702255   0.3520927
     29        0.1   0.9801559   0.3020281
     29        0.1    1.120493   0.7029581
     29        0.1    1.251364   0.7965486
     30        0.1   0.8796049    1.009728
     30        0.1   0.8993095   0.2984275
     30        0.1   0.9780389    1.555393
     30        0.1    1.190173   0.3530334
     30        0.1    1.022291    1.894406
     30        0.1    1.050769    1.263925
     30        0.1   0.8259115   0.4661443
     30        0.1    1.426188    1.854552
     30        0.1    1.145218    1.439899
     30        0.1   0.8612435   0.5754116
     31        0.1   0.8069141    0.451019
     31        0.1    0.980102   0.6836894
     31        0.1    1.044771   0.6714479
     31        0.1   0.9843264   0.6831466
     31        0.1   0.9466999   0.5684537
     31        0.1     1.11319    2.081012
     31        0.1   0.9802192   0.9123627
     31        0.1   0.9170186   0.5712352
     31        0.1   0.9349871   0.5708416
     31        0.1    0.930927   0.5058558
     32        0.1   0.9573043   0.3197719
     32        0.1   0.8628126    0.452388
     32        0.1   0.9158242   0.3206839
     32        0.1    1.241716    1.286783
     32        0.1     1.14057   0.9266208
     32        0.1     1.02674    1.437477
     32        0.1    1.002822    1.218491
     32        0.1   0.9170607   0.8111443
     32        0.1   0.8836793    1.921864
     32        0.1   0.8565349   0.5197098
     33        0.1   0.7571472    0.829731
     33        0.1    1.366695   0.7288668
     33        0.1    1.200066   0.6255229
     33        0.1   0.8728896   0.5123212
     33        0.1    1.118349   0.7404796
     33        0.1    1.215384    2.144423
     33        0.1   0.9192894   0.7958067
     33        0.1   0.8779073   0.3342424
     33        0.1   0.9123285    1.120333
     33        0.1    1.080003   0.8033204
     34        0.1    0.818281   0.6460982
     34        0.1    1.249486   0.9631078
     34        0.1   0.9271539    0.737844
     34        0.1   0.6483656     2.02789
     34        0.1    1.036645   0.8921477
     34        0.1    1.059566    3.219583
     34        0.1   0.8099599   0.9791105
     34        0.1    1.094621   0.7981239
     34        0.1   0.8089774   0.5505406
     34        0.1    1.060568    1.921758
     35        0.1    1.073704   0.7788127
     35        0.1   0.7020546    1.048688
     35        0.1   0.8457119    2.143025
     35        0.1    1.305079   0.8675149
     35        0.1   0.8051118    0.592123
     35        0.1   0.9135666    1.477662
     35        0.1   0.8733952   0.5354214
     35        0.1    1.116146    0.663354
     35        0.1   0.8945272   0.5421764
     35        0.1   0.9543307   0.8215702
     36        0.1    1.121482     1.12741
     36        0.1   0.8269515   0.6450385
     36        0.1    1.031506    2.271604
     36        0.1    1.066131    1.715062
     36        0.1   0.7097132   0.9698084
     36        0.1    1.019249    1.144532
     36        0.1    1.370306    1.457902
     36        0.1    1.115153   0.6365401
     36        0.1    1.015564    1.132079
     36        0.1    1.714111   0.5088697
     37        0.1    1.009365    1.046008
     37        0.1   0.8843418    1.112281
     37        0.1   0.6730627   0.7113942
     37        0.1    1.697752    0.730011
     37        0.1    0.827917   0.9418706
     37        0.1   0.8163478    1.186127
     37        0.1   0.6841462   0.7875719
     37        0.1    1.011405     1.18292
     37        0.1    1.062373   0.8670467
     37        0.1    1.617029    1.409207
     38        0.1   0.8352116    1.356612
     38        0.1   0.8488551   0.9697926
     38        0.1   0.7669564   0.8836252
     38        0.1     0.82753    1.773011
     38        0.1    1.213856    1.046824
     38        0.1    1.193482    1.023989
     38        0.1   0.7674167    1.116009
     38        0.1   0.5495619   0.7598003
     38        0.1   0.6645897    0.757523
     38        0.1   0.8309594   0.5688944
     39        0.1   0.8508657   0.7191112
     39        0.1   0.9068811   0.6919409
     39        0.1   0.8314509    1.665113
     39        0.1    1.075913     1.42569
     39        0.1   0.9782161    1.897748
     39        0.1   0.7367874   0.5678185
     39        0.1   0.8761054   0.7460228
     39        0.1   0.7789881    1.022392
     39        0.1   0.9768777   0.6965553
     39        0.1    1.062844    1.094255
     40        0.1   0.8539804   0.6056308
     40        0.1   0.9961687   0.4475467
     40        0.1     0.85376    3.500995
     40        0.1    1.046795    1.084957
     40        0.1   0.7633967   0.7813888
     40        0.1   0.8478321   0.9187972
     40        0.1   0.9294509    1.620205
     40        0.1    1.310583    1.944774
     40        0.1   0.7242785    2.017876
     40        0.1   0.9088773   0.9305832
     41        0.1    1.133461   0.7571981
     41        0.1   0.9986676   0.8813472
     41        0.1    1.132681    1.337237
     41        0.1   0.8766829   0.4882736
     41        0.1   0.8401223   0.8403313
     41        0.1     1.02134   0.7127192
     41        0.1   0.8925714   0.2990078
     41        0.1    1.192816    1.195091
     41        0.1   0.9304386   0.3949513
     41        0.1    1.181499    1.741393
     42        0.1   0.8989379    1.007421
     42        0.1   0.9198186    1.901908
     42        0.1    1.142266    1.234676
     42        0.1    1.298298   0.4228703
     42        0.1    1.445112    1.264225
     42        0.1   0.8923065    1.441314
     42        0.1   0.9528893   0.9717456
     42        0.1   0.8597805   0.4494496
     42        0.1   0.8857034   0.4640658
     42        0.1   0.9087242   0.7493575
     43        0.1    1.238349    1.679313
     43        0.1   0.9639558    1.792515
     43        0.1   0.9923554   0.9614753
     43        0.1    1.088911    2.296225
     43        0.1   0.9320981    1.869078
     43        0.1    0.949322    0.517336
     43        0.1    1.002984   0.9979002
     43        0.1    1.151539    1.246387
     43        0.1    1.037886    1.352017
     43        0.1    1.070583    1.677568
     44        0.1   0.9976097   0.9004303
     44        0.1    1.220592    1.418101
     44        0.1   0.9491476   0.8853665
     44        0.1    1.065718   0.6010146
     44        0.1   0.9059204    1.661281
     44        0.1      1.1108    1.385114
     44        0.1   0.9398038    1.948349
     44        0.1   0.9492962   0.4220588
     44        0.1   0.9828374   0.7734857
     44        0.1    1.176762    1.647804
     45        0.1    1.026382   0.6019391
     45        0.1   0.6627535   0.4607044
     45        0.1     1.05214   0.9517371
     45        0.1    0.875714   0.5738451
     45        0.1   0.8622734   0.5856126
     45        0.1    1.042574   0.9572528
     45        0.1    0.845865     1.23925
     45        0.1    1.211817    1.200825
     45        0.1    1.286898    2.130987
     45        0.1    1.005883    0.751047
     46        0.1    1.010461   0.3652473
     46        0.1    1.217675    1.917586
     46        0.1    1.121722    1.388517
     46        0.1    1.181379    0.759696
     46        0.1    1.124234   0.4592563
     46        0.1    1.157006   0.5584801
     46        0.1   0.7757413    1.361277
     46        0.1   0.9420757   0.4881519
     46        0.1   0.9239328    1.317841
     46        0.1   0.9493713    2.243796
     47        0.1    1.019916    1.568882
     47        0.1    1.330685   0.7940212
     47        0.1   0.9952106   0.8167032
     47        0.1    1.069045    1.412676
     47        0.1   0.8574908    0.530769
     47        0.1    1.295236    3.637914
     47        0.1   0.8270063    1.206832
     47        0.1   0.8492071   0.9456462
     47        0.1   0.8805176    1.248617
     47        0.1   0.9050568   0.5807784
     48        0.1    1.279979    1.750905
     48        0.1    1.142148   0.3928676
     48        0.1    1.067513    1.940653
     48        0.1    1.136832   0.5523635
     48        0.1    1.039922   0.8408608
     48        0.1   0.6153476   0.3084989
     48        0.1    1.026218   0.2276129
     48        0.1   0.8032125    1.361474
     48        0.1   0.9041975    1.584011
     48        0.1    1.011923    0.683651
     49        0.1   0.7032388   0.7817336
     49        0.1    1.310228    0.954503
     49        0.1     1.34309   0.6064658
     49        0.1    1.100534    1.068572
     49        0.1      1.4361    0.961113
     49        0.1     0.84105   0.7970331
     49        0.1   0.8800752   0.7284722
     49        0.1    1.465267    1.341995
     49        0.1   0.8305962   0.4146625
     49        0.1     1.22005    1.909851
     50        0.1   0.7928122     1.75255
     50        0.1    1.396541     2.08925
     50        0.1    0.855109   0.7281976
     50        0.1   0.7560478    1.581268
     50        0.1    1.249066    1.159966
     50        0.1    1.151201    1.215597
     50        0.1    1.285675     1.65771
     50        0.1   0.8278519   0.7397813
     50        0.1    0.752927   0.6548345
     50        0.1   0.9965573   0.8494267
     51        0.1   0.9591565      1.7507
     51        0.1     1.18707   0.9624327
     51        0.1   0.9059587   0.7016817
     51        0.1   0.7828833   0.7985543
     51        0.1    1.388977   0.6688168
     51        0.1    1.199225    1.287303
     51        0.1     1.02578   0.6853694
     51        0.1    1.040006     1.44581
     51        0.1    1.005495    1.248046
     51        0.1   0.7173216   0.8799262
     52        0.1    1.009369   0.8999229
     52        0.1    1.173359   0.8848216
     52        0.1    1.288962    1.194774
     52        0.1   0.8046964    1.132209
     52        0.1   0.9856979    1.475329
     52        0.1   0.9135769   0.5153648
     52        0.1    1.009045   0.7363258
     52        0.1   0.8331479   0.8993316
     52        0.1    0.980945   0.8712727
     52        0.1   0.9016735   0.9574089
     53        0.1    1.208292    2.184028
     53        0.1   0.7922635   0.5216341
     53        0.1   0.7543892   0.4111746
     53        0.1   0.9502768   0.4988107
     53        0.1   0.8388717   0.3381728
     53        0.1   0.9846242   0.4193108
     53        0.1   0.8789831   0.3095159
     53        0.1    1.026703    2.082676
     53        0.1     0.96671   0.5437465
     53        0.1   0.9943815     0.29986
     54        0.1    1.070317    1.093264
     54        0.1   0.8915401   0.6424861
     54        0.1   0.9692637    1.104298
     54        0.1    1.309973   0.5779399
     54        0.1    1.050903    1.038013
     54        0.1   0.9654021   0.8197091
     54        0.1   0.9661483    1.693298
     54        0.1    1.228188   0.5152751
     54        0.1   0.8970565   0.3272405
     54        0.1   0.9759167   0.4449708
     55        0.1   0.9633986   0.6288817
     55        0.1    1.027293   0.7172084
     55        0.1    1.096517    1.189421
     55        0.1    1.025833   0.9241173
     55        0.1   0.9187844   0.4422917
     55        0.1    1.098623     2.08416
     55        0.1   0.9815873   0.6637868
     55        0.1    0.978703   0.7720329
     55        0.1    0.923415    1.093708
     55        0.1    1.105406    1.260923
     56        0.1   0.8869023   0.5414535
     56        0.1   0.9862224    1.903303
     56        0.1    1.087148   0.4617069
     56        0.1   0.9137098    1.549993
     56        0.1   0.8779964   0.4869817
     56        0.1   0.9142109   0.6086429
     56        0.1    1.021765   0.8768541
     56        0.1    1.204915   0.9194337
     56        0.1   0.7779901   0.3828017
     56        0.1    1.255074    1.617782
     57        0.1   0.8577983    1.326044
     57        0.1   0.8660425     1.71822
     57        0.1    1.290698    1.725363
     57        0.1   0.9676834   0.7436683
     57        0.1    1.182672    0.732392
     57        0.1   0.9328082   0.5818807
     57        0.1    1.156874    2.663687
     57        0.1    1.146559   0.5633503
     57        0.1   0.9148193   0.5093384
     57        0.1   0.9558376    1.241309
     58        0.1    1.212254    1.118442
     58        0.1    1.261767    1.298549
     58        0.1    1.030892   0.5850288
     58        0.1    1.144518    1.873906
     58        0.1   0.9085983    0.382244
     58        0.1   0.9660193    1.406899
     58        0.1    0.881658   0.4999741
     58        0.1   0.9936512     0.90222
     58        0.1     1.15798    0.986091
     58        0.1    1.085311     0.94758
     59        0.1   0.9442923    1.720869
     59        0.1   0.8081885   0.4562053
     59        0.1   0.8164643   0.6276212
     59        0.1    1.301004    2.307349
     59        0.1   0.7136079   0.6811349
     59        0.1   0.8352143    1.013502
     59        0.1   0.9447461   0.7722488
     59        0.1   0.9700251   0.8464582
     59        0.1   0.7350748   0.4375522
     59        0.1   0.9279854    1.292035
     60        0.1    0.752764   0.4060246
     60        0.1   0.7823614   0.4135874
     60        0.1    1.027647   0.4568957
     60        0.1     1.07858   0.7095788
     60        0.1    1.031562    1.318166
     60        0.1   0.8541063   0.9892744
     60        0.1    1.041544    1.366057
     60        0.1    1.172942    1.836492
     60        0.1    1.117748   0.7728676
     60        0.1     0.77835    1.320036
     61        0.1    1.152642    1.389839
     61        0.1   0.4992287   0.9547707
     61        0.1   0.9684731    1.471845
     61        0.1   0.9339502   0.7700081
     61        0.1   0.8816695    1.246836
     61        0.1   0.8038621    1.247647
     61        0.1   0.8682884    1.551563
     61        0.1    1.175683   0.9822769
     61        0.1   0.8603028   0.7824862
     61        0.1    1.067283    0.984675
     62        0.1   0.6565361   0.8708355
     62        0.1    1.075755    1.674229
     62        0.1   0.5852322   0.8159907
     62        0.1    1.026379    1.264232
     62        0.1   0.9900591   0.6119424
     62        0.1   0.8464017    1.275139
     62        0.1   0.8338582     0.64443
     62        0.1    1.127796   0.5862289
     62        0.1   0.9491825    1.026848
     62        0.1    0.664214    1.698717
     63        0.1   0.9306021    1.162183
     63        0.1   0.6124316   0.9124319
     63        0.1    1.384131   0.5848056
     63        0.1   0.8976371    1.645727
     63        0.1   0.7593053   0.8574841
     63        0.1    0.813061    1.986258
     63        0.1    1.064006   0.9610905
     63        0.1   0.6299332     2.28081
     63        0.1   0.9249703   0.2872814
     63        0.1    1.363242   0.6420404
     64        0.1    1.180517    1.125845
     64        0.1    1.428696   0.6135424
     64        0.1   0.9124057   0.8442528
     64        0.1   0.9262656    1.924537
     64        0.1    1.071794   0.6576419
     64        0.1   0.8324594   0.4785865
     64        0.1     1.03979    1.080789
     64        0.1    1.062691   0.5179036
     64        0.1    1.348473    0.601921
     64        0.1   0.9159867    1.754927
     65        0.1   0.8784952   0.3010989
     65        0.1   0.7893581   0.5693139
     65        0.1   0.9362764   0.5758484
     65        0.1    1.046167   0.5681161
     65        0.1    1.026634   0.6770055
     65        0.1    1.119239    1.208563
     65        0.1    1.000885   0.7351089
     65        0.1   0.9148937   0.8131618
     65        0.1    1.005551   0.4927066
     65        0.1   0.8140602   0.3079293
     66        0.1   0.8316523    1.312752
     66        0.1   0.9517589    1.366975
     66        0.1   0.9243999   0.8502472
     66        0.1    0.968511   0.9540156
     66        0.1   0.9123384    1.031176
     66        0.1   0.9022323   0.4364135
     66        0.1   0.9792287   0.8549243
     66        0.1   0.9969197    1.041474
     66        0.1    1.020814   0.6058325
     66        0.1    1.054982    2.616237
     67        0.1    1.138556    2.077744
     67        0.1   0.9237619   0.6471191
     67        0.1   0.8860491   0.5207192
     67        0.1   0.9747554   0.4637602
     67        0.1    1.067792     1.75915
     67        0.1   0.8120866   0.4497193
     67        0.1    1.032115   0.9824291
     67        0.1     1.03762    1.591625
     67        0.1    1.169208    0.618428
     67        0.1    1.075447   0.6533914
     68        0.1   0.7743913   0.3372525
     68        0.1    1.156984    2.311436
     68        0.1     1.02023   0.8766697
     68        0.1   0.9122636   0.8769657
     68        0.1    0.976463    0.420986
     68        0.1   0.9587364    1.558873
     68        0.1    0.934205   0.9849642
     68        0.1   0.8968717   0.6644208
     68        0.1   0.8590076   0.2278678
     68        0.1   0.9404773    1.406036
     69        0.1    1.169282   0.3262003
     69        0.1   0.9303802     1.12903
     69        0.1    1.181587       1.415
     69        0.1   0.8782357   0.8274157
     69        0.1   0.9550813   0.9623598
     69        0.1   0.9611393   0.9617691
     69        0.1    1.026323   0.7838117
     69        0.1    1.123493    1.229469
     69        0.1   0.7466032    1.003208
     69        0.1    1.072862   0.4041327
     70        0.1    1.100568   0.3773911
     70        0.1    1.353963    1.444016
     70        0.1     0.90224   0.6642614
     70        0.1   0.7741972     1.23377
     70        0.1    1.215784   0.7234596
     70        0.1   0.6876421   0.7410605
     70        0.1   0.8411325   0.6730582
     70        0.1   0.7258828    0.823868
     70        0.1    1.164246   0.9894133
     70        0.1    1.211532    0.650459
     71        0.1   0.8435127   0.5000961
     71        0.1    1.049212    1.367238
     71        0.1    1.078516    0.914607
     71        0.1    0.928201    1.240443
     71        0.1    1.009579    1.011991
     71        0.1    1.428784   0.6985969
     71        0.1   0.8955353   0.8093661
     71        0.1   0.7653756    0.819132
     71        0.1    1.056443   0.8456396
     71        0.1   0.9928568    1.147515
     72        0.1   0.8829547   0.7213674
     72        0.1    1.169992    1.012277
     72        0.1   0.7987205   0.5392142
     72        0.1     1.24751   0.6526885
     72        0.1   0.8690282   0.6624736
     72        0.1   0.6154303    1.025059
     72        0.1    0.943121   0.7937026
     72        0.1    1.065932    1.490933
     72        0.1   0.8653705    1.446113
     72        0.1    1.208306   0.6244102
     73        0.1    1.148541   0.7778691
     73        0.1   0.7710411    1.028119
     73        0.1   0.8969806     1.40008
     73        0.1   0.8277442    1.197368
     73        0.1    1.405094   0.6065291
     73        0.1   0.6223202    1.451504
     73        0.1    1.046067   0.8481843
     73        0.1    0.958088   0.3466997
     73        0.1   0.9924707   0.6324004
     73        0.1   0.8145111     1.07438
     74        0.1   0.7068199    1.048604
     74        0.1    0.892673    1.081675
     74        0.1   0.9817006   0.5729721
     74        0.1   0.9393531    1.185859
     74        0.1   0.9966255   0.5971203
     74        0.1   0.9756462   0.7677249
     74        0.1   0.6764215    1.063777
     74        0.1     1.75117   0.4323341
     74        0.1   0.9144792    1.166556
     74        0.1    1.356295    0.962392
     75        0.1   0.7342551    1.096974
     75        0.1    1.305985   0.5066908
     75        0.1   0.9701013   0.8460899
     75        0.1   0.7237039    1.668614
     75        0.1   0.8818352   0.7724887
     75        0.1   0.8591273     1.21491
     75        0.1   0.9718896      1.3125
     75        0.1   0.9904163   0.7046323
     75        0.1    1.109271     1.53343
     75        0.1   0.7906705    0.957255
     76        0.1    1.121078   0.4955139
     76        0.1    1.173116    1.180679
     76        0.1   0.9824054   0.7462049
     76        0.1   0.8014133   0.7438341
     76        0.1    1.205405   0.4316801
     76        0.1    1.000781   0.7080478
     76        0.1   0.8661097   0.9784149
     76        0.1    0.879848    1.965024
     76        0.1   0.8811143    1.575874
     76        0.1    0.914025   0.4407896
     77        0.1   0.9975164    1.673091
     77        0.1    1.278403    0.777447
     77        0.1   0.9439505    1.617492
     77        0.1   0.9162563   0.3494848
     77        0.1    1.047812     1.36964
     77        0.1   0.9102759   0.3202616
     77        0.1   0.8103085     0.66619
     77        0.1   0.9830122   0.5146624
     77        0.1   0.9168971   0.5011992
     77        0.1    1.063344   0.4040747
     78        0.1    1.014245     1.10348
     78        0.1     1.06922    2.278693
     78        0.1   0.9450677   0.9358041
     78        0.1   0.9296171    0.446546
     78        0.1    1.100804   0.9237049
     78        0.1    1.300677   0.8361726
     78        0.1   0.8983227   0.3356594
     78        0.1    1.040669   0.8020336
     78        0.1   0.8879481   0.9272621
     78        0.1    1.014037   0.9481388
     79        0.1   0.9524444   0.6768363
     79        0.1    1.045118   0.8014153
     79        0.1    1.221467    2.282394
     79        0.1    1.002234   0.7767646
     79        0.1    1.090457    1.459912
     79        0.1   0.9572841    1.279749
     79        0.1    1.064013    1.415548
     79        0.1   0.8534416    0.508076
     79        0.1    1.022274   0.6971593
     79        0.1   0.8583698    0.449155
     80        0.1   0.7707923   0.4404083
     80        0.1   0.9254096   0.8490481
     80        0.1   0.9257943   0.4875216
     80        0.1   0.9344767   0.9278536
     80        0.1   0.8771162   0.6107806
     80        0.1   0.8775118    0.277285
     80        0.1    1.053346   0.8492415
     80        0.1    1.130739   0.5774955
     80        0.1    1.098516    1.918902
     80        0.1   0.8859878   0.6109902
     81        0.1    1.152374   0.6659055
     81        0.1    0.938357    2.185854
     81        0.1    1.195936   0.5006282
     81        0.1    1.034899    1.185655
     81        0.1   0.9416574   0.8225362
     81        0.1   0.8390152    1.027989
     81        0.1   0.8648448    1.221535
     81        0.1    1.137048   0.8218169
     81        0.1    1.101987   0.8242029
     81        0.1    1.035095   0.4054508
     82        0.1    1.054861   0.5493274
     82        0.1   0.8276111   0.5418323
     82        0.1   0.8034274    1.029787
     82        0.1   0.9963764    1.133884
     82        0.1    1.246339   0.5347984
     82        0.1   0.5960725   0.5627235
     82        0.1    1.142714   0.5178737
     82        0.1    1.079598    1.299317
     82        0.1    1.027174   0.8648813
     82        0.1   0.9335159    1.033168
     83        0.1    1.135294   0.6175421
     83        0.1   0.8473099   0.3554342
     83        0.1   0.7899754    1.399428
     83        0.1    1.129765   0.9722487
     83        0.1   0.9512835   0.6077538
     83        0.1   0.8762353   0.5564833
     83        0.1    0.769225   0.9869363
     83        0.1    1.314201    1.308082
     83        0.1     1.27049    1.007286
     83        0.1   0.8010846    1.391206
     84        0.1   0.7662094   0.6386638
     84        0.1   0.7633702   0.6567775
     84        0.1    1.002101    0.606988
     84        0.1    1.028844    1.112758
     84        0.1   0.8723997   0.6953055
     84        0.1   0.7959118   0.3291558
     84        0.1    1.128508   0.3504175
     84        0.1   0.8988282    2.201709
     84        0.1   0.7894666    1.311909
     84        0.1   0.9373832    1.023649
     85        0.1    1.138065   0.8938585
     85        0.1   0.8742168   0.7485614
     85        0.1   0.5529506    1.400462
     85        0.1   0.9308884   0.4730314
     85        0.1    1.003199    1.449668
     85        0.1   0.8446236    1.027514
     85        0.1    1.076358   0.8925779
     85        0.1    1.199873   0.4567981
     85        0.1   0.8709569    1.149301
     85        0.1   0.6995644   0.6743052
     86        0.1   0.9303154    1.618688
     86        0.1   0.7653368   0.5584737
     86        0.1    1.176138    1.026108
     86        0.1   0.9728722   0.5643967
     86        0.1    1.006955   0.8872784
     86        0.1   0.8028249    0.802879
     86        0.1   0.8573726    1.259305
     86        0.1    1.359075   0.9830225
     86        0.1   0.8988994    1.412639
     86        0.1    1.029901   0.4684048
     87        0.1   0.8227816    1.255439
     87        0.1     1.09674   0.6965408
     87        0.1   0.9838111     1.28471
     87        0.1    1.358332   0.8305805
     87        0.1    1.377753   0.7870916
     87        0.1   0.8499125   0.6728338
     87        0.1    1.038611   0.9787537
     87        0.1   0.8983221   0.5238403
     87        0.1   0.9945186    1.468484
     87        0.1    1.198887   0.7444985
     88        0.1   0.7888417    2.999078
     88        0.1    1.109109   0.8578275
     88        0.1    0.791178    2.543718
     88        0.1      1.0239   0.6927948
     88        0.1   0.9550471   0.4423007
     88        0.1   0.8587463   0.9218573
     88        0.1   0.8323496   0.5780072
     88        0.1    1.280364   0.5311945
     88        0.1   0.7750471   0.5637622
     88        0.1    1.004067   0.5413934
     89        0.1   0.9767912    0.351893
     89        0.1   0.9522339   0.8395838
     89        0.1   0.8641993   0.3062845
     89        0.1    1.022563   0.8285361
     89        0.1   0.9195699   0.4897146
     89        0.1    1.279203    1.846747
     89        0.1    1.131443    1.221619
     89        0.1    1.135674   0.6193863
     89        0.1     1.58423    2.670011
     89        0.1   0.8894742   0.5554107
     90        0.1   0.9080366      1.0577
     90        0.1   0.9026343    1.139243
     90        0.1   0.8642265   0.4640282
     90        0.1   0.8201369   0.5927096
     90        0.1   0.9347793   0.5032587
     90        0.1   0.9435019   0.4726971
     90        0.1   0.8939751   0.4059443
     90        0.1   0.9805662   0.7324219
     90        0.1   0.9374316    1.903754
     90        0.1   0.8301602    0.362165
     91        0.1    1.013297   0.8026847
     91        0.1   0.8840087    1.379281
     91        0.1   0.9305295   0.4675704
     91        0.1     1.14926    2.090116
     91        0.1    1.132013    1.563822
     91        0.1   0.9020991   0.6734901
     91        0.1   0.9123619   0.5240301
     91        0.1   0.9041045   0.6898191
     91        0.1    1.052251    2.423305
     91        0.1    1.034427   0.9112715
     92        0.1    1.055149    1.441077
     92        0.1   0.9393278   0.8031293
     92        0.1   0.8271455   0.6141224
     92        0.1   0.9059233   0.3720772
     92        0.1   0.9991961    1.755501
     92        0.1   0.9156122   0.8071444
     92        0.1    1.218113    1.526887
     92        0.1     1.03176    1.200941
     92        0.1    1.196334    1.907708
     92        0.1    1.228775    1.074881
     93        0.1    1.138543    1.203067
     93        0.1   0.8523729   0.7989199
     93        0.1    1.165251   0.4993594
     93        0.1    1.088524    1.004878
     93        0.1   0.9732469    1.122416
     93        0.1    1.070823   0.7451744
     93        0.1   0.7224933   0.7621811
     93        0.1    1.114509    1.228837
     93        0.1   0.9733519   0.7438367
     93        0.1   0.8288623    1.223747
     94        0.1    1.013691   0.4641569
     94        0.1    1.122028   0.5319876
     94        0.1   0.9314161   0.5848709
     94        0.1     0.70155   0.7354287
     94        0.1   0.7686053   0.8866126
     94        0.1   0.9575031    1.076349
     94        0.1   0.9894344   0.6575822
     94        0.1   0.8209267    1.019296
     94        0.1   0.7823487    1.241981
     94        0.1   0.7169182   0.7567837
     95        0.1    1.027118   0.6468594
     95        0.1    1.260886   0.5455911
     95        0.1   0.8029413    1.088954
     95        0.1   0.8512553   0.5826353
     95        0.1    1.037767   0.6131871
     95        0.1    1.071199    1.538286
     95        0.1   0.8864965   0.7426338
     95        0.1   0.9654326    1.481426
     95        0.1    1.043418   0.6517377
     95        0.1   0.9868819     1.01167
     96        0.1    1.019304    1.034285
     96        0.1    0.802033    1.691089
     96        0.1   0.8572963   0.8941758
     96        0.1   0.9330223   0.6467733
     96        0.1   0.9804771   0.6196486
     96        0.1    1.082143   0.5204928
     96        0.1    1.076545   0.4786697
     96        0.1    1.009591    1.136048
     96        0.1   0.7632966    1.171566
     96        0.1    1.302983   0.7599267
     97        0.1   0.9693397   0.8403602
     97        0.1    1.404575    0.300188
     97        0.1   0.8677844    1.354399
     97        0.1   0.9882971    1.427357
     97        0.1   0.8483207    1.403601
     97        0.1    1.083098   0.5018048
     97        0.1   0.9431639   0.8451193
     97        0.1   0.7712715    1.175973
     97        0.1    1.260599   0.2107576
     97        0.1   0.8343191    0.603284
     98        0.1   0.7288492    1.359285
     98        0.1    1.231594   0.9460955
     98        0.1   0.7332255   0.9617261
     98        0.1     1.14731    1.956307
     98        0.1   0.7338693   0.7996696
     98        0.1    1.388881   0.6602319
     98        0.1    1.127425   0.4785462
     98        0.1    1.320268   0.8171144
     98        0.1    1.067401   0.7306661
     98        0.1    1.215354     1.03549
     99        0.1    1.020378    1.023252
     99        0.1   0.8378169   0.8123901
     99        0.1   0.7708673   0.6037098
     99        0.1    0.815099   0.6148399
     99        0.1   0.8639027   0.6101927
     99        0.1   0.7811003    1.410118
     99        0.1   0.9878299   0.8675159
     99        0.1    1.156006    0.634988
     99        0.1    1.138306   0.8799146
     99        0.1   0.7010476   0.8524803
    100        0.1   0.9984135   0.9812574
    100        0.1   0.7675648    1.533339
    100        0.1   0.9829447   0.4629337
    100        0.1    1.297159   0.4878461
    100        0.1   0.8805736   0.7809967
    100        0.1   0.6659013    1.389383
    100        0.1   0.9865621    1.526099
    100        0.1    1.151519   0.6277183
    100        0.1    1.223911   0.9354145
    100        0.1    1.015146    1.027448
    101        0.1    1.013855    0.563498
    101        0.1    1.069453   0.9478883
    101        0.1    1.268713    1.055905
    101        0.1   0.9643585    1.113842
    101        0.1   0.9470766   0.7624185
    101        0.1    1.058189   0.2859157
    101        0.1   0.7903625    2.089854
    101        0.1    1.086705    1.290301
    101        0.1   0.9181861   0.4803766
    101        0.1   0.9233731   0.3288668
    102        0.1    1.019462    1.098102
    102        0.1   0.9467992   0.8850052
    102        0.1    0.975148   0.4600355
    102        0.1   0.9636828   0.4922288
    102        0.1    1.023768     1.00016
    102        0.1    1.071143   0.2932316
    102        0.1   0.9967539   0.5215531
    102        0.1   0.8720956     1.36974
    102        0.1    1.031074    1.018167
    102        0.1     1.05444   0.5194263
    103        0.1   0.9896819   0.6487732
    103        0.1    1.017158   0.6629501
    103        0.1   0.8406341   0.4463938
    103        0.1   0.9153691   0.7080251
    103        0.1    1.061744    1.604286
    103        0.1    1.025749   0.7776916
    103        0.1   0.9741598    1.560883
    103        0.1   0.8898804   0.5079574
    103        0.1   0.9415434   0.5034313
    103        0.1    1.107602   0.4344789
    104        0.1   0.8859998   0.5103143
    104        0.1   0.9105654    0.332554
    104        0.1   0.9915013   0.4465914
    104        0.1    1.300328   0.4869905
    104        0.1    1.061522    1.895593
    104        0.1    1.068629    1.528889
    104        0.1    0.988136   0.4649946
    104        0.1   0.9512647   0.8052891
    104        0.1   0.8600171   0.4010479
    104        0.1   0.9377768   0.6101222
    105        0.1    1.373849   0.9669186
    105        0.1   0.7766314   0.5170889
    105        0.1   0.8541758   0.8205694
    105        0.1    0.904615   0.8261406
    105        0.1     1.18891    1.005911
    105        0.1    1.271236    1.660164
    105        0.1   0.8249103   0.5879383
    105        0.1   0.9071338    1.003209
    105        0.1    1.100543    2.599149
    105        0.1   0.8772725    1.123144
    106        0.1    1.157407    1.118412
    106        0.1    1.087135    1.313195
    106        0.1   0.9413123    1.006534
    106        0.1   0.8797237   0.5649035
    106        0.1   0.7349486    1.149707
    106        0.1   0.9730577   0.4642017
    106        0.1    1.142742   0.7017727
    106        0.1   0.7899482   0.3670518
    106        0.1   0.9728636   0.5411749
    106        0.1   0.7838449   0.6658009
    107        0.1   0.9812662   0.9331182
    107        0.1   0.9073428   0.4145294
    107        0.1    1.072883    1.635086
    107        0.1   0.9155372   0.5090993
    107        0.1   0.7978432   0.5930908
    107        0.1    1.248381   0.6562431
    107        0.1    1.197558   0.7580229
    107        0.1   0.7795922   0.8977002
    107        0.1    1.318093   0.4984241
    107        0.1     1.03636    1.628508
    108        0.1   0.8907796     2.36064
    108        0.1   0.7324893   0.6325367
    108        0.1   0.8334328   0.9056971
    108        0.1   0.8055403   0.7135397
    108        0.1   0.9333726     1.05697
    108        0.1    0.966428   0.9384553
    108        0.1   0.9661753     0.46659
    108        0.1   0.9899138    1.137323
    108        0.1    1.162716     1.42705
    108        0.1    1.210286   0.8011704
    109        0.1    1.289536    1.424496
    109        0.1   0.8117988   0.7524854
    109        0.1   0.7750848    1.339448
    109        0.1    1.183347   0.9308388
    109        0.1   0.8005975    1.161353
    109        0.1    1.119941   0.8524004
    109        0.1     1.33534   0.9866237
    109        0.1   0.7228543       1.623
    109        0.1    0.792907   0.9667237
    109        0.1   0.8017266   0.9240424
    110        0.1   0.9751235    2.094593
    110        0.1    1.142093   0.5223897
    110        0.1    1.010135    1.407762
    110        0.1    1.394278   0.5372165
    110        0.1   0.6324642   0.5081588
    110        0.1   0.8939936    1.807643
    110        0.1    1.290425   0.7638271
    110        0.1   0.9052824   0.8409954
    110        0.1   0.5219605    1.290228
    110        0.1    1.070111     1.99331
    111        0.1   0.7638787   0.8885591
    111        0.1   0.8168576    1.491325
    111        0.1   0.9487541    1.455035
    111        0.1   0.8793159    1.355571
    111        0.1    1.076749    1.073626
    111        0.1   0.7708472    1.394812
    111        0.1    1.002507    1.249336
    111        0.1    1.066026    1.018853
    111        0.1   0.9514551    1.360366
    111        0.1   0.9900962    1.029394
    112        0.1   0.8241759    1.290178
    112        0.1   0.7957334    1.841939
    112        0.1    1.019037   0.6735824
    112        0.1   0.9960886   0.7945102
    112        0.1   0.9261627    1.581887
    112        0.1   0.9390921   0.5817123
    112        0.1    1.037022   0.6110942
    112        0.1     1.22277   0.5019861
    112        0.1   0.8883893   0.9099792
    112        0.1   0.9214866    1.468111
    113        0.1   0.9265917    2.731933
    113        0.1    1.135407    1.339859
    113        0.1   0.9051262   0.4640867
    113        0.1    1.354853    1.596636
    113        0.1    1.115567    0.486513
    113        0.1    1.029709   0.8683927
    113        0.1   0.7371819   0.7844364
    113        0.1     1.31352    1.390476
    113        0.1   0.7969883   0.6046604
    113        0.1   0.8000544    2.812277
    114        0.1   0.8972818    1.471114
    114        0.1     1.00092   0.9345486
    114        0.1    1.095636    1.235839
    114        0.1    1.059033    1.056512
    114        0.1    1.330178    1.082562
    114        0.1    1.029351   0.9289657
    114        0.1    1.107706    1.090209
    114        0.1    1.117524    1.512671
    114        0.1   0.8985058    1.009795
    114        0.1    1.239224   0.3965725
    115        0.1   0.9440986   0.6813158
    115        0.1    1.068897     1.49858
    115        0.1   0.9575546     1.36874
    115        0.1   0.9296274   0.7252252
    115        0.1    0.867536   0.5220019
    115        0.1   0.9837264      1.5844
    115        0.1   0.8988047   0.4701026
    115        0.1   0.9784093   0.5665659
    115        0.1    1.028354   0.6256064
    115        0.1    0.915593    1.413684
    116        0.1    1.371588   0.9105345
    116        0.1           1   0.7708146
    116        0.1   0.8002871    0.402999
    116        0.1    1.171565   0.7845177
    116        0.1    1.160651   0.9128408
    116        0.1    1.196801   0.5963796
    116        0.1   0.8833315   0.4991987
    116        0.1   0.9811313   0.7207774
    116        0.1   0.9054498   0.9230145
    116        0.1    1.055656   0.6065924
    117        0.1   0.9251048   0.8379717
    117        0.1   0.9693772   0.5813025
    117        0.1   0.9802667   0.6381534
    117        0.1     1.10217    1.239632
    117        0.1    1.009489    1.202639
    117        0.1    1.429125     2.30513
    117        0.1   0.9736676    1.145467
    117        0.1   0.9219009   0.9003491
    117        0.1    1.023368   0.9521267
    117        0.1   0.9307697   0.6550768
    118        0.1     1.35958   0.8828266
    118        0.1   0.7913516    1.010267
    118        0.1   0.6868237   0.7633978
    118        0.1    1.035236   0.7881936
    118        0.1    1.324336   0.8192628
    118        0.1   0.9718898   0.9894355
    118        0.1    1.125958   0.5298338
    118        0.1    1.063202   0.5403585
    118        0.1    1.136541   0.9533335
    118        0.1    1.134368    1.242736
    119        0.1    1.212173    1.427488
    119        0.1   0.8694288   0.8002762
    119        0.1   0.8388897   0.8760378
    119        0.1   0.6411663    1.123666
    119        0.1    0.952312   0.4222174
    119        0.1    1.102102    1.274793
    119        0.1    1.035094    2.763293
    119        0.1    1.194633    1.355421
    119        0.1   0.8189593   0.7682482
    119        0.1   0.9758476   0.4834777
    120        0.1    1.157502    1.193856
    120        0.1    1.024999     1.56356
    120        0.1    1.306192   0.2783083
    120        0.1   0.9676235    1.297408
    120        0.1   0.9311349     1.38117
    120        0.1    1.024107   0.4932026
    120        0.1    1.084415    1.156049
    120        0.1     1.05791     1.31643
    120        0.1   0.8595653   0.5861408
    120        0.1    1.043744   0.5573856
9999999

FORWARD SIMULATION DATA
                          ------
OPTIMIZE COMPLETE TREE  :      0  (1=YES, 0=NO)
PRINT FORWARD RESULTS   :      0  (0=NO, 1=COMPLETE RESULTS, 2=SUMMARIZED RESULTS, 3=ALMOST COMPLETE RESULTS)
PRINT FORWARD SCENARIOS :      0  (0=NO, 1=YES)
FORWARD RE-SAMPLE       :      1  (1=YES, 0=NO)
RE-SAMPLING FREQUENCY   :      1
SAMPLE WITH RANDOM SEED :      0  (1=YES, 0=NO)
INTEGER SEED TO BE USED TO SAMPLE FORWARD SCENARIOS
SEED A (0 <= A <= 2^32) :  07563
READ LINEAR MODEL       :      1  (1=YES-->READ THE FILE LINEAR_MODELS.TXT; 0=NO-->INDEPENDENT MODEL)

FORWARD SCENARIOS NUMBER: 
 ITER #    FW #   ITER CUTS
-------  -------  ---------
      0        1          0
9999999

EXTRA FORWARD SIMULATIONS TREE (1=USE THE TREE, 0=DO NOT USE THE TREE)
                          ------
USE OPTIMIZATION TREE   :      0  (THIS SCENARIO FILE)
USE EXTRA SCENARIO TREE :      1  (FILE SCENARIOS_EFS.TXT)
USE HISTORICAL SCENARIOS:      0  (FILE SCENARIOS_HIST.TXT)

DEMAND MULTIPLIERS FOR EXTRA FORWARD SIMULATIONS (OPTIMIZATION DEMAND VALUES ARE ALWAYS USED)
 VALUE 
-------
   1.00
9999999

EXTRA FORWARD SIMULATION (EFS) DATA - READ IN CASE 'USE OPTIMIZATION TREE' WAS CHOSEN (=1)
                          ------
SIMULATE COMPLETE TREE  :      0  (1=YES, 0=NO)
PRINT EFS RESULTS       :      1  (0=NO, 1=COMPLETE RESULTS, 2=SUMMARIZED RESULTS, 3=ALMOST COMPLETE RESULTS)
PRINT EFS SCENARIOS     :      0  (0=NO, 1=YES)
NUMBER OF SCENARIOS     :      1
RE-SAMPLE SCENARIOS     :      0  (1=YES, 0=NO)
SIMULATION FREQUENCY    :      0  (N=0: DO EFS AFTER LAST ITERATION; N>0: DO AN EFS EVERY N ITERATIONS)
SIMULATION INTERVAL     : 0-9000  (BEGIN-END)
USE RANDOM SEED IN EFS  :      0  (1=YES, 0=NO)
INTEGER SEED TO BE USED TO SAMPLE EXTRA FORWARD SCENARIOS
SEED B (0 <= B <= 2^32) : 62496
